1.00000E-03 6.820E+00 6.045E+01 2.335E+02 6.035E+02 1.228E+03 2.209E+03 3.306E+03 4.576E+03 5.615E+03 7.326E+03 6.522E+02 9.203E+02 1.183E+03 1.567E+03 1.910E+03 2.426E+03 2.829E+03 3.180E+03 4.053E+03 4.861E+03 5.231E+03 5.860E+03 6.483E+03 7.388E+03 8.069E+03 9.052E+03 9.750E+03 9.797E+03 1.049E+04 1.548E+03 1.692E+03 1.887E+03 2.116E+03 2.312E+03 2.618E+03 2.848E+03 3.168E+03 3.487E+03
1.50000E-03 1.752E+00 1.638E+01 6.629E+01 1.791E+02 3.759E+02 6.990E+02 1.080E+03 1.545E+03 1.969E+03 2.645E+03 3.151E+03 3.918E+03 4.001E+02 5.331E+02 6.522E+02 8.314E+02 9.742E+02 1.102E+03 1.415E+03 1.710E+03 1.853E+03 2.091E+03 2.336E+03 2.687E+03 2.975E+03 3.388E+03 3.682E+03 4.214E+03 4.393E+03 4.791E+03 5.044E+03 5.420E+03 5.164E+03 5.260E+03 9.964E+02 1.087E+03 1.213E+03 1.341E+03
2.00000E-03 6.643E-01 6.503E+00 2.672E+01 7.422E+01 1.591E+02 3.016E+02 4.755E+02 6.926E+02 9.005E+02 1.234E+03 1.504E+03 1.899E+03 2.204E+03 2.669E+03 2.996E+02 3.828E+02 4.494E+02 5.093E+02 6.563E+02 7.966E+02 8.672E+02 9.824E+02 1.102E+03 1.272E+03 1.415E+03 1.620E+03 1.771E+03 2.039E+03 2.142E+03 2.359E+03 2.496E+03 2.688E+03 2.902E+03 3.062E+03 3.360E+03 3.541E+03 3.347E+03 2.539E+03
3.00000E-03 1.693E-01 1.681E+00 7.249E+00 2.090E+01 4.617E+01 8.963E+01 1.447E+02 2.158E+02 2.870E+02 4.021E+02 5.023E+02 6.499E+02 7.732E+02 9.516E+02 1.074E+03 1.265E+03 1.361E+03 1.682E+02 2.174E+02 2.650E+02 2.896E+02 3.295E+02 3.713E+02 4.305E+02 4.815E+02 5.535E+02 6.084E+02 7.042E+02 7.430E+02 8.244E+02 8.782E+02 9.527E+02 1.039E+03 1.104E+03 1.216E+03 1.288E+03 1.397E+03 1.500E+03
4.00000E-03 6.549E-02 6.379E-01 2.840E+00 8.367E+00 1.886E+01 3.723E+01 6.094E+01 9.221E+01 1.244E+02 1.767E+02 2.238E+02 2.937E+02 3.545E+02 4.427E+02 5.079E+02 6.066E+02 6.626E+02 6.979E+02 8.304E+02 1.197E+02 1.311E+02 1.494E+02 1.688E+02 1.961E+02 2.201E+02 2.536E+02 2.796E+02 3.244E+02 3.432E+02 3.820E+02 4.082E+02 4.445E+02 4.862E+02 5.187E+02 5.740E+02 6.101E+02 6.648E+02 7.181E+02
5.00000E-03 3.278E-02 3.061E-01 1.364E+00 4.081E+00 9.332E+00 1.866E+01 3.086E+01 4.715E+01 6.424E+01 9.214E+01 1.178E+02 1.561E+02 1.902E+02 2.400E+02 2.782E+02 3.360E+02 3.711E+02 3.953E+02 4.752E+02 5.373E+02 5.436E+02 5.657E+02 9.089E+01 1.057E+02 1.188E+02 1.372E+02 1.515E+02 1.761E+02 1.866E+02 2.082E+02 2.229E+02 2.433E+02 2.667E+02 2.851E+02 3.163E+02 3.371E+02 3.682E+02 3.988E+02
6.00000E-03 1.996E-02 1.671E-01 7.477E-01 2.260E+00 5.223E+00 1.054E+01 1.759E+01 2.708E+01 3.716E+01 5.369E+01 6.915E+01 9.227E+01 1.133E+02 1.439E+02 1.682E+02 2.046E+02 2.282E+02 2.449E+02 2.974E+02 3.387E+02 3.474E+02 3.691E+02 3.841E+02 4.027E+02 7.150E+01 8.265E+01 9.138E+01 1.064E+02 1.128E+02 1.261E+02 1.352E+02 1.477E+02 1.622E+02 1.737E+02 1.930E+02 2.060E+02 2.255E+02 2.446E+02
8.00000E-03 1.160E-02 6.446E-02 2.888E-01 8.839E-01 2.072E+00 4.242E+00 7.170E+00 1.116E+01 1.548E+01 2.260E+01 2.941E+01 3.965E+01 4.918E+01 6.313E+01 7.457E+01 9.171E+01 1.034E+02 1.125E+02 1.383E+02 1.600E+02 1.661E+02 1.793E+02 1.908E+02 2.087E+02 2.177E+02 2.316E+02 2.322E+02 4.758E+01 5.054E+01 5.660E+01 6.082E+01 6.660E+01 7.330E+01 7.865E+01 8.756E+01 9.371E+01 1.028E+02 1.118E+02
1.00000E-02 9.849E-03 3.260E-02 1.387E-01 4.255E-01 1.006E+00 2.078E+00 3.545E+00 5.565E+00 7.776E+00 1.143E+01 1.499E+01 2.036E+01 2.543E+01 3.289E+01 3.912E+01 4.847E+01 5.510E+01 6.038E+01 7.490E+01 8.744E+01 9.175E+01 1.001E+02 1.077E+02 1.193E+02 1.262E+02 1.369E+02 1.413E+02 1.524E+02 1.484E+02 1.497E+02 3.250E+01 3.564E+01 3.928E+01 4.221E+01 4.706E+01 5.044E+01 5.541E+01 6.037E+01
1.50000E-02 1.102E-02 1.246E-02 3.910E-02 1.143E-01 2.698E-01 5.627E-01 9.715E-01 1.545E+00 2.186E+00 3.253E+00 4.313E+00 5.925E+00 7.487E+00 9.794E+00 1.179E+01 1.477E+01 1.700E+01 1.886E+01 2.370E+01 2.804E+01 2.988E+01 3.311E+01 3.627E+01 4.093E+01 4.414E+01 4.896E+01 5.178E+01 5.734E+01 5.788E+01 6.099E+01 6.135E+01 6.256E+01 6.371E+01 6.270E+01 6.336E+01 6.112E+01 1.775E+01 1.938E+01
2.00000E-02 1.355E-02 9.410E-03 1.885E-02 4.780E-02 1.084E-01 2.238E-01 3.867E-01 6.179E-01 8.796E-01 1.317E+00 1.759E+00 2.432E+00 3.094E+00 4.076E+00 4.939E+00 6.235E+00 7.227E+00 8.074E+00 1.023E+01 1.220E+01 1.311E+01 1.465E+01 1.620E+01 1.846E+01 2.015E+01 2.260E+01 2.421E+01 2.722E+01 2.788E+01 2.986E+01 3.059E+01 3.178E+01 3.310E+01 3.352E+01 3.502E+01 3.509E+01 3.581E+01 3.602E+01
3.00000E-02 1.863E-02 1.003E-02 1.138E-02 1.898E-02 3.506E-02 6.614E-02 1.099E-01 1.729E-01 2.451E-01 3.676E-01 4.928E-01 6.855E-01 8.778E-01 1.164E+00 1.422E+00 1.809E+00 2.114E+00 2.382E+00 3.045E+00 3.665E+00 3.975E+00 4.488E+00 5.015E+00 5.780E+00 6.382E+00 7.251E+00 7.873E+00 8.982E+00 9.349E+00 1.018E+01 1.061E+01 1.126E+01 1.198E+01 1.240E+01 1.328E+01 1.365E+01 1.436E+01 1.493E+01
4.00000E-02 2.315E-02 1.190E-02 1.131E-02 1.438E-02 2.084E-02 3.343E-02 5.051E-02 7.530E-02 1.036E-01 1.528E-01 2.031E-01 2.815E-01 3.601E-01 4.782E-01 5.850E-01 7.466E-01 8.756E-01 9.907E-01 1.272E+00 1.538E+00 1.677E+00 1.904E+00 2.140E+00 2.482E+00 2.757E+00 3.155E+00 3.450E+00 3.967E+00 4.163E+00 4.570E+00 4.810E+00 5.152E+00 5.537E+00 5.796E+00 6.267E+00 6.538E+00 6.963E+00 7.346E+00
5.00000E-02 2.709E-02 1.375E-02 1.237E-02 1.401E-02 1.737E-02 2.397E-02 3.217E-02 4.414E-02 5.747E-02 8.182E-02 1.063E-01 1.451E-01 1.840E-01 2.430E-01 2.965E-01 3.779E-01 4.433E-01 5.020E-01 6.454E-01 7.822E-01 8.552E-01 9.737E-01 1.098E+00 1.278E+00 1.425E+00 1.638E+00 1.799E+00 2.078E+00 2.192E+00 2.419E+00 2.560E+00 2.759E+00 2.983E+00 3.143E+00 3.431E+00 3.596E+00 3.858E+00 4.103E+00
6.00000E-02 3.053E-02 1.544E-02 1.361E-02 1.468E-02 1.680E-02 2.098E-02 2.548E-02 3.207E-02 3.903E-02 5.287E-02 6.625E-02 8.820E-02 1.099E-01 1.434E-01 1.735E-01 2.199E-01 2.570E-01 2.904E-01 3.730E-01 4.520E-01 4.944E-01 5.634E-01 6.364E-01 7.420E-01 8.294E-01 9.555E-01 1.052E+00 1.219E+00 1.290E+00 1.429E+00 1.518E+00 1.642E+00 1.783E+00 1.886E+00 2.068E+00 2.178E+00 2.349E+00 2.511E+00
8.00000E-02 3.620E-02 1.826E-02 1.588E-02 1.658E-02 1.785E-02 2.037E-02 2.211E-02 2.468E-02 2.676E-02 3.273E-02 3.761E-02 4.671E-02 5.511E-02 6.896E-02 8.083E-02 1.000E-01 1.148E-01 1.280E-01 1.628E-01 1.958E-01 2.132E-01 2.422E-01 2.731E-01 3.182E-01 3.558E-01 4.104E-01 4.528E-01 5.259E-01 5.581E-01 6.203E-01 6.613E-01 7.184E-01 7.837E-01 8.332E-01 9.185E-01 9.729E-01 1.056E+00 1.135E+00
1.00000E-01 4.063E-02 2.047E-02 1.776E-02 1.836E-02 1.940E-02 2.147E-02 2.231E-02 2.355E-02 2.394E-02 2.733E-02 2.931E-02 3.410E-02 3.794E-02 4.513E-02 5.068E-02 6.052E-02 6.745E-02 7.344E-02 9.161E-02 1.085E-01 1.167E-01 1.312E-01 1.469E-01 1.701E-01 1.894E-01 2.177E-01 2.397E-01 2.781E-01 2.949E-01 3.278E-01 3.497E-01 3.803E-01 4.155E-01 4.426E-01 4.890E-01 5.192E-01 5.649E-01 6.093E-01
1.50000E-01 4.813E-02 2.424E-02 2.098E-02 2.157E-02 2.255E-02 2.449E-02 2.472E-02 2.506E-02 2.417E-02 2.590E-02 2.579E-02 2.766E-02 2.827E-02 3.086E-02 3.188E-02 3.516E-02 3.639E-02 3.703E-02 4.346E-02 4.876E-02 4.998E-02 5.393E-02 5.821E-02 6.536E-02 7.085E-02 7.961E-02 8.597E-02 9.812E-02 1.027E-01 1.128E-01 1.193E-01 1.288E-01 1.399E-01 1.483E-01 1.634E-01 1.731E-01 1.881E-01 2.028E-01
2.00000E-01 5.254E-02 2.647E-02 2.290E-02 2.353E-02 2.453E-02 2.655E-02 2.665E-02 2.679E-02 2.554E-02 2.697E-02 2.635E-02 2.761E-02 2.745E-02 2.905E-02 2.899E-02 3.080E-02 3.067E-02 2.998E-02 3.378E-02 3.639E-02 3.586E-02 3.726E-02 3.879E-02 4.211E-02 4.421E-02 4.825E-02 5.071E-02 5.649E-02 5.781E-02 6.225E-02 6.463E-02 6.865E-02 7.350E-02 7.695E-02 8.378E-02 8.787E-02 9.465E-02 1.013E-01
3.00000E-01 5.695E-02 2.868E-02 2.481E-02 2.548E-02 2.654E-02 2.870E-02 2.873E-02 2.877E-02 2.729E-02 2.862E-02 2.771E-02 2.871E-02 2.816E-02 2.932E-02 2.870E-02 2.983E-02 2.898E-02 2.757E-02 3.015E-02 3.146E-02 2.997E-02 3.007E-02 3.019E-02 3.160E-02 3.196E-02 3.361E-02 3.406E-02 3.659E-02 3.617E-02 3.764E-02 3.782E-02 3.891E-02 4.043E-02 4.113E-02 4.360E-02 4.459E-02 4.690E-02 4.906E-02
4.00000E-01 5.860E-02 2.951E-02 2.552E-02 2.620E-02 2.731E-02 2.950E-02 2.952E-02 2.953E-02 2.800E-02 2.931E-02 2.833E-02 2.928E-02 2.862E-02 2.968E-02 2.892E-02 2.991E-02 2.887E-02 2.727E-02 2.959E-02 3.060E-02 2.887E-02 2.864E-02 2.843E-02 2.938E-02 2.932E-02 3.039E-02 3.034E-02 3.209E-02 3.121E-02 3.195E-02 3.156E-02 3.193E-02 3.261E-02 3.261E-02 3.398E-02 3.414E-02 3.531E-02 3.634E-02
5.00000E-01 5.900E-02 2.971E-02 2.569E-02 2.639E-02 2.749E-02 2.969E-02 2.969E-02 2.971E-02 2.815E-02 2.946E-02 2.845E-02 2.938E-02 2.868E-02 2.971E-02 2.891E-02 2.984E-02 2.874E-02 2.708E-02 2.929E-02 3.019E-02 2.837E-02 2.804E-02 2.770E-02 2.849E-02 2.827E-02 2.914E-02 2.890E-02 3.036E-02 2.933E-02 2.979E-02 2.920E-02 2.930E-02 2.966E-02 2.941E-02 3.036E-02 3.023E-02 3.098E-02 3.156E-02
6.00000E-01 5.875E-02 2.959E-02 2.559E-02 2.627E-02 2.737E-02 2.956E-02 2.956E-02 2.957E-02 2.801E-02 2.930E-02 2.830E-02 2.921E-02 2.851E-02 2.951E-02 2.869E-02 2.959E-02 2.847E-02 2.679E-02 2.895E-02 2.979E-02 2.795E-02 2.756E-02 2.717E-02 2.788E-02 2.760E-02 2.836E-02 2.805E-02 2.937E-02 2.826E-02 2.861E-02 2.793E-02 2.790E-02 2.813E-02 2.775E-02 2.851E-02 2.825E-02 2.878E-02 2.917E-02
8.00000E-01 5.739E-02 2.890E-02 2.499E-02 2.565E-02 2.671E-02 2.885E-02 2.886E-02 2.887E-02 2.734E-02 2.860E-02 2.760E-02 2.848E-02 2.778E-02 2.875E-02 2.793E-02 2.878E-02 2.767E-02 2.601E-02 2.807E-02 2.884E-02 2.703E-02 2.661E-02 2.618E-02 2.680E-02 2.647E-02 2.714E-02 2.677E-02 2.795E-02 2.681E-02 2.704E-02 2.631E-02 2.618E-02 2.628E-02 2.581E-02 2.640E-02 2.603E-02 2.638E-02 2.660E-02
1.00000E+00 5.556E-02 2.797E-02 2.419E-02 2.483E-02 2.586E-02 2.792E-02 2.792E-02 2.794E-02 2.645E-02 2.766E-02 2.669E-02 2.753E-02 2.686E-02 2.778E-02 2.698E-02 2.780E-02 2.671E-02 2.510E-02 2.707E-02 2.780E-02 2.603E-02 2.561E-02 2.518E-02 2.576E-02 2.541E-02 2.603E-02 2.564E-02 2.674E-02 2.562E-02 2.580E-02 2.506E-02 2.489E-02 2.494E-02 2.446E-02 2.496E-02 2.456E-02 2.484E-02 2.498E-02
1.25000E+00 5.311E-02 2.674E-02 2.312E-02 2.373E-02 2.472E-02 2.669E-02 2.669E-02 2.669E-02 2.527E-02 2.641E-02 2.549E-02 2.629E-02 2.565E-02 2.652E-02 2.575E-02 2.652E-02 2.549E-02 2.394E-02 2.581E-02 2.650E-02 2.480E-02 2.439E-02 2.396E-02 2.450E-02 2.416E-02 2.472E-02 2.434E-02 2.536E-02 2.428E-02 2.443E-02 2.371E-02 2.353E-02 2.355E-02 2.306E-02 2.350E-02 2.310E-02 2.332E-02 2.342E-02
1.50000E+00 5.075E-02 2.555E-02 2.210E-02 2.268E-02 2.362E-02 2.551E-02 2.550E-02 2.551E-02 2.416E-02 2.526E-02 2.437E-02 2.514E-02 2.451E-02 2.535E-02 2.462E-02 2.535E-02 2.436E-02 2.288E-02 2.467E-02 2.532E-02 2.370E-02 2.330E-02 2.289E-02 2.340E-02 2.307E-02 2.360E-02 2.323E-02 2.420E-02 2.316E-02 2.329E-02 2.260E-02 2.242E-02 2.243E-02 2.195E-02 2.237E-02 2.197E-02 2.217E-02 2.225E-02
2.00000E+00 4.650E-02 2.343E-02 2.028E-02 2.083E-02 2.171E-02 2.345E-02 2.347E-02 2.350E-02 2.226E-02 2.330E-02 2.249E-02 2.322E-02 2.266E-02 2.345E-02 2.279E-02 2.349E-02 2.258E-02 2.123E-02 2.290E-02 2.352E-02 2.202E-02 2.166E-02 2.130E-02 2.178E-02 2.149E-02 2.199E-02 2.165E-02 2.257E-02 2.160E-02 2.174E-02 2.110E-02 2.094E-02 2.096E-02 2.052E-02 2.092E-02 2.055E-02 2.074E-02 2.082E-02
3.00000E+00 3.992E-02 2.019E-02 1.753E-02 1.806E-02 1.889E-02 2.048E-02 2.057E-02 2.066E-02 1.964E-02 2.061E-02 1.997E-02 2.067E-02 2.024E-02 2.101E-02 2.049E-02 2.118E-02 2.043E-02 1.927E-02 2.084E-02 2.147E-02 2.016E-02 1.989E-02 1.961E-02 2.011E-02 1.989E-02 2.042E-02 2.016E-02 2.107E-02 2.023E-02 2.041E-02 1.986E-02 1.977E-02 1.984E-02 1.947E-02 1.991E-02 1.961E-02 1.983E-02 1.995E-02
4.00000E+00 3.523E-02 1.790E-02 1.561E-02 1.617E-02 1.698E-02 1.849E-02 1.867E-02 1.882E-02 1.797E-02 1.894E-02 1.842E-02 1.915E-02 1.882E-02 1.963E-02 1.921E-02 1.993E-02 1.931E-02 1.827E-02 1.985E-02 2.052E-02 1.933E-02 1.913E-02 1.892E-02 1.947E-02 1.933E-02 1.990E-02 1.971E-02 2.066E-02 1.989E-02 2.014E-02 1.966E-02 1.962E-02 1.974E-02 1.944E-02 1.995E-02 1.969E-02 1.996E-02 2.013E-02
5.00000E+00 3.174E-02 1.622E-02 1.422E-02 1.479E-02 1.562E-02 1.710E-02 1.734E-02 1.757E-02 1.685E-02 1.784E-02 1.743E-02 1.819E-02 1.795E-02 1.878E-02 1.846E-02 1.923E-02 1.871E-02 1.777E-02 1.935E-02 2.007E-02 1.897E-02 1.884E-02 1.869E-02 1.929E-02 1.920E-02 1.983E-02 1.969E-02 2.070E-02 1.998E-02 2.028E-02 1.985E-02 1.987E-02 2.005E-02 1.978E-02 2.036E-02 2.014E-02 2.045E-02 2.066E-02
6.00000E+00 2.905E-02 1.493E-02 1.316E-02 1.377E-02 1.461E-02 1.607E-02 1.639E-02 1.668E-02 1.607E-02 1.709E-02 1.675E-02 1.756E-02 1.739E-02 1.827E-02 1.801E-02 1.884E-02 1.839E-02 1.753E-02 1.914E-02 1.992E-02 1.887E-02 1.879E-02 1.869E-02 1.933E-02 1.930E-02 1.997E-02 1.988E-02 2.094E-02 2.027E-02 2.061E-02 2.021E-02 2.027E-02 2.049E-02 2.025E-02 2.090E-02 2.071E-02 2.105E-02 2.130E-02
8.00000E+00 2.515E-02 1.308E-02 1.167E-02 1.233E-02 1.322E-02 1.468E-02 1.512E-02 1.553E-02 1.508E-02 1.616E-02 1.595E-02 1.683E-02 1.678E-02 1.773E-02 1.760E-02 1.850E-02 1.819E-02 1.742E-02 1.910E-02 1.997E-02 1.900E-02 1.899E-02 1.896E-02 1.970E-02 1.973E-02 2.050E-02 2.048E-02 2.163E-02 2.100E-02 2.143E-02 2.108E-02 2.120E-02 2.148E-02 2.130E-02 2.207E-02 2.192E-02 2.231E-02 2.260E-02
1.00000E+01 2.247E-02 1.183E-02 1.066E-02 1.138E-02 1.232E-02 1.380E-02 1.434E-02 1.483E-02 1.451E-02 1.564E-02 1.552E-02 1.646E-02 1.650E-02 1.753E-02 1.747E-02 1.845E-02 1.824E-02 1.754E-02 1.928E-02 2.022E-02 1.929E-02 1.933E-02 1.937E-02 2.016E-02 2.025E-02 2.108E-02 2.110E-02 2.234E-02 2.174E-02 2.223E-02 2.191E-02 2.208E-02 2.241E-02 2.226E-02 2.314E-02 2.302E-02 2.343E-02 2.377E-02
1.50000E+01 1.837E-02 9.948E-03 9.182E-03 1.001E-02 1.104E-02 1.258E-02 1.332E-02 1.396E-02 1.382E-02 1.508E-02 1.508E-02 1.614E-02 1.631E-02 1.746E-02 1.754E-02 1.864E-02 1.861E-02 1.800E-02 1.983E-02 2.088E-02 2.000E-02 2.013E-02 2.022E-02 2.112E-02 2.127E-02 2.221E-02 2.230E-02 2.368E-02 2.309E-02 2.367E-02 2.339E-02 2.364E-02 2.404E-02 2.394E-02 2.507E-02 2.497E-02 2.538E-02 2.578E-02
2.00000E+01 1.606E-02 8.914E-03 8.385E-03 9.294E-03 1.039E-02 1.198E-02 1.285E-02 1.360E-02 1.357E-02 1.491E-02 1.496E-02 1.609E-02 1.633E-02 1.757E-02 1.771E-02 1.889E-02 1.899E-02 1.842E-02 2.029E-02 2.140E-02 2.052E-02 2.067E-02 2.079E-02 2.174E-02 2.193E-02 2.292E-02 2.303E-02 2.446E-02 2.387E-02 2.451E-02 2.425E-02 2.452E-02 2.495E-02 2.487E-02 2.618E-02 2.610E-02 2.645E-02 2.684E-02
