0.000000e+00 1.000000e+00
1.936052e-02 1.000000e+00
2.904077e-02 1.000205e+00
5.001467e-02 1.000205e+00
5.969493e-02 1.000614e+00
6.937518e-02 1.000614e+00
7.744207e-02 1.000819e+00
8.873570e-02 1.000819e+00
9.841596e-02 1.001023e+00
1.097096e-01 1.001023e+00
1.193899e-01 1.001228e+00
1.193899e-01 1.001228e+00
1.500440e-01 1.002047e+00
1.581109e-01 1.002251e+00
2.000587e-01 1.003479e+00
2.097389e-01 1.003889e+00
2.307128e-01 1.004503e+00
2.387797e-01 1.004912e+00
2.581402e-01 1.005526e+00
2.694339e-01 1.005935e+00
2.791141e-01 1.006345e+00
2.887944e-01 1.006549e+00
3.000880e-01 1.006959e+00
3.097683e-01 1.007368e+00
3.178351e-01 1.007777e+00
3.388090e-01 1.008391e+00
3.484893e-01 1.008801e+00
3.694632e-01 1.009415e+00
3.791434e-01 1.009824e+00
3.904371e-01 1.010233e+00
3.985040e-01 1.010438e+00
4.081842e-01 1.010643e+00
4.178645e-01 1.011257e+00
4.694925e-01 1.012485e+00
4.775594e-01 1.012689e+00
4.888530e-01 1.012689e+00
5.082136e-01 1.013303e+00
5.195072e-01 1.013303e+00
5.291874e-01 1.013508e+00
5.388677e-01 1.013508e+00
5.501613e-01 1.013713e+00
6.195365e-01 1.013713e+00
6.292168e-01 1.013508e+00
6.372837e-01 1.013508e+00
6.485773e-01 1.013303e+00
6.582576e-01 1.013303e+00
6.792314e-01 1.012689e+00
6.889117e-01 1.012485e+00
7.098856e-01 1.011871e+00
7.179525e-01 1.011666e+00
7.276327e-01 1.011257e+00
7.389264e-01 1.010847e+00
7.486066e-01 1.010438e+00
7.582869e-01 1.010233e+00
7.889410e-01 1.008596e+00
7.970079e-01 1.007982e+00
8.292754e-01 1.006549e+00
8.389557e-01 1.005731e+00
8.486360e-01 1.005117e+00
8.599296e-01 1.004503e+00
8.696099e-01 1.003889e+00
8.776767e-01 1.003070e+00
9.502787e-01 9.977487e-01
9.583456e-01 9.967253e-01
9.680258e-01 9.959067e-01
9.777061e-01 9.948833e-01
9.889997e-01 9.940647e-01
1.019654e+00 9.909947e-01
1.029334e+00 9.901760e-01
1.037401e+00 9.891527e-01
1.058375e+00 9.871060e-01
1.068055e+00 9.856734e-01
1.098709e+00 9.826034e-01
1.110003e+00 9.813754e-01
1.110003e+00 9.813754e-01
1.127750e+00 9.789194e-01
1.139044e+00 9.778960e-01
1.148724e+00 9.766680e-01
1.160018e+00 9.756447e-01
1.190672e+00 9.717560e-01
1.198739e+00 9.703234e-01
1.208419e+00 9.693000e-01
1.248753e+00 9.641834e-01
1.260047e+00 9.625460e-01
1.269727e+00 9.613181e-01
1.277794e+00 9.598854e-01
1.298768e+00 9.574294e-01
1.308448e+00 9.557921e-01
1.329422e+00 9.531314e-01
1.339102e+00 9.516987e-01
1.350396e+00 9.502661e-01
1.358463e+00 9.488334e-01
1.368143e+00 9.474007e-01
1.389117e+00 9.443307e-01
1.398797e+00 9.431027e-01
1.429451e+00 9.383954e-01
1.437518e+00 9.371674e-01
1.510120e+00 9.261154e-01
1.518187e+00 9.246828e-01
1.569815e+00 9.167008e-01
1.579495e+00 9.150634e-01
1.589176e+00 9.134261e-01
1.597243e+00 9.117888e-01
1.608536e+00 9.099468e-01
1.629510e+00 9.068768e-01
1.639190e+00 9.050348e-01
1.660164e+00 9.019648e-01
1.669845e+00 9.001228e-01
1.677911e+00 8.984855e-01
1.687592e+00 8.968481e-01
1.698885e+00 8.952108e-01
1.718246e+00 8.915268e-01
1.729539e+00 8.900941e-01
1.748900e+00 8.864102e-01
1.758580e+00 8.847728e-01
1.777941e+00 8.810888e-01
1.789234e+00 8.796562e-01
1.829569e+00 8.722882e-01
1.837636e+00 8.704462e-01
1.847316e+00 8.690135e-01
1.910238e+00 8.579615e-01
1.918304e+00 8.561195e-01
1.937665e+00 8.526402e-01
1.948959e+00 8.503889e-01
1.989293e+00 8.432255e-01
1.997360e+00 8.413835e-01
2.008654e+00 8.393369e-01
2.039308e+00 8.338109e-01
2.048988e+00 8.317642e-01
2.069962e+00 8.280802e-01
2.078029e+00 8.262382e-01
2.087709e+00 8.241916e-01
2.097389e+00 8.223496e-01
2.099003e+00 8.223496e-01
2.108683e+00 8.203029e-01
2.129657e+00 8.166189e-01
2.139337e+00 8.145722e-01
2.150631e+00 8.127302e-01
2.158698e+00 8.106836e-01
2.168378e+00 8.088416e-01
2.178058e+00 8.065903e-01
2.189352e+00 8.049529e-01
2.199032e+00 8.027016e-01
2.208712e+00 8.010643e-01
2.220006e+00 7.988129e-01
2.229686e+00 7.969709e-01
2.237753e+00 7.949243e-01
2.249047e+00 7.930823e-01
2.268407e+00 7.889889e-01
2.279701e+00 7.871470e-01
2.289381e+00 7.851003e-01
2.299061e+00 7.832583e-01
2.310355e+00 7.812116e-01
2.318422e+00 7.791650e-01
2.328102e+00 7.773230e-01
2.349076e+00 7.732296e-01
2.358756e+00 7.713876e-01
2.389410e+00 7.650430e-01
2.397477e+00 7.632010e-01
2.428131e+00 7.570610e-01
2.439425e+00 7.552190e-01
2.470079e+00 7.488743e-01
2.478146e+00 7.468277e-01
2.487826e+00 7.449857e-01
2.539454e+00 7.345477e-01
2.549135e+00 7.329104e-01
2.557202e+00 7.306590e-01
2.620123e+00 7.181744e-01
2.629803e+00 7.165370e-01
2.637870e+00 7.142857e-01
2.710472e+00 6.997544e-01
2.718539e+00 6.977077e-01
2.728219e+00 6.956611e-01
2.737900e+00 6.938191e-01
2.779847e+00 6.854278e-01
2.787914e+00 6.833811e-01
2.858903e+00 6.688498e-01
2.866970e+00 6.668031e-01
2.887944e+00 6.625051e-01
2.897624e+00 6.608678e-01
2.939572e+00 6.524765e-01
2.947639e+00 6.504298e-01
3.018627e+00 6.358985e-01
3.028307e+00 6.340565e-01
3.089616e+00 6.215718e-01
3.089616e+00 6.213672e-01
3.099296e+00 6.193205e-01
3.107363e+00 6.172738e-01
3.118656e+00 6.154318e-01
3.170285e+00 6.049939e-01
3.179965e+00 6.031519e-01
3.188032e+00 6.011052e-01
3.228366e+00 5.927139e-01
3.239660e+00 5.908719e-01
3.259020e+00 5.867786e-01
3.268700e+00 5.847319e-01
3.278381e+00 5.828899e-01
3.309035e+00 5.767499e-01
3.318715e+00 5.749079e-01
3.339689e+00 5.706099e-01
3.347756e+00 5.685632e-01
3.357436e+00 5.667212e-01
3.378410e+00 5.626279e-01
3.388090e+00 5.607859e-01
3.409064e+00 5.566926e-01
3.420358e+00 5.548506e-01
3.428425e+00 5.528039e-01
3.438105e+00 5.509619e-01
3.459079e+00 5.466639e-01
3.468759e+00 5.450266e-01
3.478439e+00 5.427753e-01
3.489733e+00 5.411379e-01
3.499413e+00 5.388866e-01
3.507480e+00 5.368400e-01
3.517160e+00 5.349980e-01
3.528454e+00 5.329513e-01
3.538134e+00 5.311093e-01
3.549428e+00 5.290626e-01
3.559108e+00 5.272206e-01
3.568789e+00 5.251740e-01
3.580082e+00 5.233320e-01
3.588149e+00 5.214900e-01
3.597829e+00 5.194433e-01
3.607510e+00 5.176013e-01
3.618803e+00 5.155546e-01
3.628483e+00 5.137126e-01
3.638164e+00 5.116660e-01
3.659138e+00 5.079820e-01
3.667204e+00 5.059353e-01
3.688178e+00 5.022513e-01
3.697859e+00 5.002047e-01
3.728513e+00 4.946787e-01
3.739806e+00 4.926320e-01
3.747873e+00 4.907900e-01
3.767234e+00 4.873107e-01
3.778527e+00 4.850594e-01
3.818862e+00 4.778960e-01
3.826929e+00 4.760540e-01
3.838222e+00 4.742120e-01
3.847903e+00 4.721654e-01
3.899531e+00 4.629554e-01
3.907598e+00 4.611134e-01
3.968906e+00 4.502661e-01
3.978586e+00 4.486287e-01
3.986653e+00 4.469914e-01
4.028601e+00 4.396234e-01
4.038281e+00 4.379861e-01
4.059255e+00 4.345068e-01
4.067322e+00 4.326648e-01
4.077002e+00 4.310274e-01
4.078615e+00 4.308228e-01
4.097976e+00 4.273434e-01
4.109270e+00 4.257061e-01
4.130243e+00 4.220221e-01
4.139924e+00 4.205894e-01
4.147991e+00 4.187474e-01
4.157671e+00 4.169054e-01
4.168965e+00 4.152681e-01
4.178645e+00 4.134261e-01
4.188325e+00 4.119935e-01
4.199619e+00 4.101515e-01
4.209299e+00 4.085141e-01
4.218979e+00 4.066721e-01
4.228659e+00 4.052395e-01
4.238340e+00 4.033975e-01
4.248020e+00 4.017601e-01
4.259314e+00 3.999181e-01
4.278674e+00 3.968481e-01
4.289968e+00 3.950061e-01
4.299648e+00 3.935735e-01
4.307715e+00 3.919361e-01
4.317395e+00 3.900941e-01
4.348049e+00 3.853868e-01
4.359343e+00 3.835448e-01
4.380317e+00 3.804748e-01
4.388384e+00 3.788375e-01
4.407744e+00 3.757675e-01
4.419038e+00 3.739255e-01
4.459372e+00 3.677855e-01
4.467439e+00 3.661482e-01
4.528747e+00 3.567335e-01
4.540041e+00 3.555055e-01
4.548108e+00 3.538682e-01
4.588442e+00 3.477282e-01
4.598123e+00 3.465002e-01
4.619097e+00 3.432255e-01
4.627163e+00 3.417929e-01
4.638457e+00 3.403602e-01
4.657818e+00 3.372902e-01
4.669111e+00 3.360622e-01
4.678791e+00 3.344249e-01
4.688472e+00 3.331969e-01
4.699765e+00 3.315596e-01
4.707832e+00 3.299222e-01
4.717512e+00 3.286942e-01
4.727193e+00 3.272616e-01
4.738486e+00 3.258289e-01
4.748167e+00 3.243962e-01
4.759460e+00 3.229636e-01
4.769141e+00 3.215309e-01
4.778821e+00 3.200982e-01
4.786888e+00 3.188702e-01
4.798181e+00 3.172329e-01
4.817542e+00 3.147769e-01
4.828835e+00 3.131396e-01
4.848196e+00 3.104789e-01
4.859490e+00 3.090463e-01
4.867556e+00 3.076136e-01
4.898211e+00 3.037249e-01
4.907891e+00 3.022923e-01
4.938545e+00 2.984036e-01
4.946612e+00 2.969709e-01
5.019214e+00 2.879656e-01
5.027281e+00 2.865330e-01
5.067615e+00 2.814163e-01
5.069229e+00 2.812116e-01
5.078909e+00 2.801883e-01
5.099883e+00 2.777323e-01
5.107950e+00 2.762996e-01
5.117630e+00 2.750716e-01
5.128923e+00 2.740483e-01
5.148284e+00 2.713876e-01
5.159578e+00 2.703643e-01
5.207979e+00 2.642243e-01
5.219273e+00 2.629963e-01
5.228953e+00 2.617683e-01
5.238633e+00 2.607450e-01
5.249927e+00 2.595170e-01
5.259607e+00 2.584937e-01
5.267674e+00 2.570610e-01
5.288648e+00 2.550143e-01
5.298328e+00 2.537863e-01
5.309622e+00 2.527630e-01
5.319302e+00 2.513303e-01
5.340276e+00 2.492837e-01
5.348343e+00 2.480557e-01
5.367703e+00 2.460090e-01
5.378997e+00 2.445763e-01
5.419331e+00 2.404830e-01
5.427398e+00 2.392550e-01
5.500000e+00 2.318870e-01
5.508067e+00 2.308637e-01
5.569375e+00 2.245190e-01
5.577442e+00 2.234957e-01
5.608096e+00 2.204257e-01
5.617776e+00 2.196070e-01
5.648431e+00 2.165370e-01
5.658111e+00 2.155137e-01
5.667791e+00 2.146950e-01
5.688765e+00 2.126484e-01
5.698445e+00 2.118297e-01
5.719419e+00 2.097831e-01
5.729099e+00 2.089644e-01
5.737166e+00 2.079411e-01
5.746847e+00 2.069177e-01
5.758140e+00 2.060991e-01
5.767820e+00 2.050757e-01
5.777501e+00 2.042571e-01
5.788794e+00 2.032337e-01
5.798475e+00 2.024151e-01
5.809768e+00 2.013917e-01
5.817835e+00 2.007777e-01
5.827515e+00 1.995497e-01
5.837196e+00 1.989357e-01
5.848489e+00 1.979124e-01
5.858170e+00 1.970937e-01
5.867850e+00 1.960704e-01
5.888824e+00 1.944331e-01
5.896891e+00 1.934097e-01
5.917864e+00 1.917724e-01
5.927545e+00 1.907491e-01
5.958199e+00 1.884977e-01
5.969493e+00 1.874744e-01
5.977559e+00 1.866558e-01
6.008214e+00 1.844044e-01
6.017894e+00 1.831764e-01
6.048548e+00 1.809251e-01
6.056615e+00 1.801064e-01
6.058228e+00 1.801064e-01
6.129217e+00 1.745804e-01
6.137284e+00 1.737618e-01
6.209886e+00 1.684404e-01
6.217952e+00 1.676218e-01
6.227633e+00 1.668031e-01
6.238926e+00 1.661891e-01
6.279261e+00 1.631191e-01
6.288941e+00 1.627098e-01
6.297008e+00 1.618911e-01
6.317982e+00 1.602538e-01
6.327662e+00 1.598445e-01
6.348636e+00 1.582071e-01
6.359930e+00 1.577978e-01
6.369610e+00 1.569791e-01
6.377677e+00 1.561605e-01
6.387357e+00 1.555465e-01
6.408331e+00 1.541138e-01
6.418011e+00 1.534998e-01
6.429305e+00 1.526811e-01
6.438985e+00 1.522718e-01
6.448665e+00 1.514531e-01
6.456732e+00 1.510438e-01
6.468026e+00 1.502251e-01
6.477706e+00 1.496111e-01
6.489000e+00 1.487925e-01
6.498680e+00 1.483831e-01
6.508360e+00 1.475645e-01
6.519654e+00 1.471551e-01
6.529334e+00 1.463365e-01
6.537401e+00 1.457225e-01
6.547081e+00 1.449038e-01
6.558375e+00 1.444945e-01
6.568055e+00 1.436758e-01
6.589029e+00 1.426525e-01
6.598709e+00 1.418338e-01
6.608390e+00 1.414245e-01
6.618070e+00 1.408105e-01
6.627750e+00 1.399918e-01
6.637430e+00 1.395825e-01
6.648724e+00 1.389685e-01
6.658404e+00 1.381498e-01
6.689058e+00 1.367172e-01
6.697125e+00 1.358985e-01
6.706806e+00 1.352845e-01
6.737460e+00 1.338518e-01
6.748753e+00 1.330332e-01
6.769727e+00 1.320098e-01
6.777794e+00 1.313958e-01
6.787474e+00 1.309865e-01
6.797155e+00 1.303725e-01
6.808448e+00 1.295538e-01
6.818128e+00 1.291445e-01
6.827809e+00 1.285305e-01
6.848783e+00 1.275072e-01
6.856850e+00 1.270978e-01
6.929451e+00 1.234138e-01
6.937518e+00 1.227998e-01
7.008507e+00 1.193205e-01
7.016574e+00 1.187065e-01
7.027867e+00 1.178878e-01
7.037548e+00 1.174785e-01
7.047228e+00 1.166598e-01
7.048841e+00 1.166598e-01
7.068202e+00 1.150225e-01
7.089176e+00 1.129758e-01
7.097243e+00 1.121572e-01
7.108536e+00 1.111339e-01
7.118216e+00 1.099059e-01
7.139190e+00 1.076545e-01
7.169845e+00 1.037659e-01
7.177911e+00 1.025379e-01
7.187592e+00 1.013099e-01
7.198885e+00 9.967253e-02
7.208566e+00 9.844454e-02
7.248900e+00 9.209988e-02
7.256967e+00 9.066721e-02
7.277941e+00 8.739255e-02
7.287621e+00 8.555055e-02
7.298915e+00 8.411789e-02
7.308595e+00 8.227589e-02
7.318275e+00 8.063856e-02
7.329569e+00 7.879656e-02
7.337636e+00 7.736390e-02
7.377970e+00 6.999591e-02
7.389264e+00 6.856324e-02
7.408624e+00 6.487925e-02
7.416691e+00 6.303725e-02
7.437665e+00 5.935325e-02
7.448959e+00 5.771592e-02
7.489293e+00 5.055260e-02
7.497360e+00 4.891527e-02
7.507040e+00 4.707327e-02
7.518334e+00 4.564061e-02
7.528014e+00 4.379861e-02
7.537694e+00 4.216128e-02
7.548988e+00 4.031928e-02
7.568348e+00 3.724928e-02
7.578029e+00 3.561195e-02
7.618363e+00 2.947196e-02
7.628043e+00 2.824396e-02
7.639337e+00 2.660663e-02
7.649017e+00 2.537863e-02
7.657084e+00 2.394597e-02
7.666764e+00 2.251330e-02
7.678058e+00 2.108064e-02
7.687738e+00 2.005731e-02
7.708712e+00 1.760131e-02
7.718392e+00 1.637331e-02
7.737753e+00 1.412198e-02
7.757114e+00 1.207532e-02
7.768407e+00 1.125665e-02
7.778087e+00 1.023332e-02
7.787768e+00 9.414654e-03
7.799061e+00 8.391322e-03
7.808742e+00 7.572657e-03
7.816808e+00 6.753991e-03
7.826489e+00 6.139992e-03
7.837782e+00 5.525993e-03
7.847463e+00 4.707327e-03
7.868436e+00 3.683995e-03
7.878117e+00 3.274662e-03
7.889410e+00 2.660663e-03
7.897477e+00 2.251330e-03
7.907158e+00 1.841998e-03
7.916838e+00 1.432665e-03
7.928131e+00 1.227998e-03
7.947492e+00 6.139992e-04
7.958786e+00 6.139992e-04
7.968466e+00 4.093328e-04
7.997507e+00 4.093328e-04
8.007187e+00 0.000000e+00
